# Created by Octave 4.4.1, Mon May 27 23:04:41 2019 GMT <unknown@DESKTOP-B531SUQ>
# name: cost
# type: matrix
# rows: 300
# columns: 1
 0.67102896853531291
 0.66353538341440477
 0.5815769979400196
 0.54245019942484918
 0.50208421603459474
 0.48564121172909641
 0.47609835762061264
 0.456636561586868
 0.45410367894981285
 0.45086234957399884
 0.44121468190996788
 0.44020625512913153
 0.43906336045215727
 0.43690158700839643
 0.43547853919260865
 0.43535316283380282
 0.43166792213284549
 0.43112084973963533
 0.42897687245679827
 0.42869675466440099
 0.42760604087767989
 0.42741679704539415
 0.42666956498641356
 0.42651101587159068
 0.4254221711387246
 0.42502539698134889
 0.422669401774527
 0.42235111110395135
 0.41988824631929123
 0.41936421704372134
 0.41716774706159687
 0.41711616557469244
 0.41658270113099111
 0.41619378652707484
 0.41601209705997799
 0.41579597874543067
 0.41528450629232722
 0.41515484813078152
 0.41364317682509527
 0.41335438359596738
 0.41275486261713662
 0.41118254927265013
 0.41023172684456027
 0.40987321816524835
 0.40940371367582667
 0.40928063348490434
 0.40922785940842882
 0.40870840665807778
 0.40829898031039746
 0.40759650294595273
 0.40738739990313294
 0.40710861503943535
 0.4070657755324894
 0.4069546551755171
 0.40685789744400663
 0.40679756590687521
 0.40672096816476544
 0.40668630559984092
 0.40664563760489003
 0.40662022927913499
 0.40657734161730286
 0.40653303014298525
 0.40651551199670832
 0.40650461303599805
 0.40639849255458343
 0.40626042248909261
 0.40604728177701149
 0.40574370635915991
 0.40531135079280012
 0.40472819044811259
 0.40459059232317041
 0.40438930660820321
 0.40433931294775899
 0.40417783482924952
 0.40383975325800037
 0.40369064560533113
 0.40361429888796024
 0.40358645956926442
 0.40349684260674845
 0.40300119749545904
 0.40294832990824869
 0.40274564199511848
 0.40258950296169393
 0.402547758410158
 0.40236574768997485
 0.4022510100825083
 0.40218173310408284
 0.40209521417518324
 0.40204592591011895
 0.40203798295514709
 0.40200549296063204
 0.40195624904950283
 0.40192656669842802
 0.40180466702251694
 0.4016828930444879
 0.39968167927027909
 0.39950902863020593
 0.39928819136846511
 0.39890170880457126
 0.39865137696194786
 0.39838555878563137
 0.39790154548848622
 0.39745677520716888
 0.39725364881226055
 0.3971444907203423
 0.3969940394669233
 0.39692573471311043
 0.39689596839436581
 0.39680399105862374
 0.39671020411144226
 0.3964957886724117
 0.39639334003446097
 0.39594016248860581
 0.39592402411040545
 0.39590667920085121
 0.39584619027118723
 0.3958183080958832
 0.3957984602078008
 0.39564214830943323
 0.39560982735759231
 0.39538074078845009
 0.39533720821124163
 0.39485855929665675
 0.39473336446661589
 0.39456018505029333
 0.39453936664405664
 0.39444843927619289
 0.39443448566619949
 0.39437271632083265
 0.39434689426153441
 0.39434568163035527
 0.39431317648868358
 0.39427218866071689
 0.39423290764970181
 0.39415952643195484
 0.39407643081735821
 0.39391406760964848
 0.39388155165058047
 0.39348535845286525
 0.39344883510987211
 0.39322238079153021
 0.392994364014423
 0.39252290105366155
 0.39245186408264215
 0.39216000977208298
 0.39213146906990393
 0.39207139765337562
 0.39201862962909462
 0.3919795953844501
 0.39193329978278824
 0.39192254163779644
 0.39189386603514365
 0.39188621813962904
 0.39183922824847967
 0.39177577294060129
 0.39175223210103333
 0.39175220781098785
 0.39171954872713016
 0.39169264657166813
 0.39167234848506299
 0.39165788186570349
 0.39159745862174122
 0.39159008215232238
 0.3915692769481639
 0.39156330561508279
 0.39151891845629355
 0.39150166320522478
 0.39133700888741452
 0.39110425056757159
 0.3910178824679969
 0.39101786479109324
 0.39093415120984748
 0.39088472932833479
 0.39087619862619816
 0.3908477117553536
 0.39083661151458288
 0.39082723356230764
 0.39079552678656682
 0.39078390412582376
 0.39063304265181537
 0.39060829747615139
 0.39057358790612512
 0.39056920185298905
 0.3905514018836429
 0.39054430411545388
 0.39053443620106182
 0.39053151425364158
 0.39052731335771401
 0.39050744063893023
 0.39043678177957514
 0.39042242149321194
 0.39038503508817829
 0.39038225157002221
 0.39037853385891802
 0.39037643706598135
 0.39037482081933444
 0.39036962993964774
 0.39035858513116845
 0.39030985541102969
 0.39029528902787586
 0.39024728559857197
 0.39018886491452504
 0.39016411643863619
 0.39016029141003311
 0.39015731459142333
 0.39015559110412651
 0.3901356823904879
 0.39012316823405807
 0.39011928850321587
 0.39010521070380866
 0.3900890603657583
 0.39007483269731325
 0.3900710442088452
 0.39006221421911186
 0.3900585231097875
 0.39003164459171313
 0.39001462231632644
 0.3899795435606343
 0.38985542864002898
 0.38980698040708811
 0.38971299391572001
 0.38968009886605459
 0.38931147895926832
 0.38919808290080044
 0.38912629340782162
 0.38911513972988832
 0.38906734316265157
 0.38904046533695669
 0.38902187848612907
 0.38900173523636528
 0.38898418763052556
 0.38896160199587526
 0.38895755316329206
 0.38894597661639307
 0.38894284995757822
 0.38893324542517749
 0.3889297634490832
 0.38892082618569507
 0.38891558949443333
 0.3889125431137897
 0.38890289643630754
 0.38889964810247069
 0.38888624418508588
 0.38888439643117867
 0.38887763704683365
 0.38887259831234389
 0.38886669833681764
 0.3888609375254235
 0.38883792690294472
 0.38883495920886429
 0.38883133519312529
 0.38883035172351998
 0.38882937579815591
 0.38882734378076078
 0.38882492959924231
 0.3888207717446992
 0.38881979186738341
 0.38880688373024624
 0.38880350672188874
 0.38880059601562206
 0.38879861557982037
 0.38879589987446372
 0.38879504820088429
 0.38879400510375078
 0.3887936976188423
 0.38879145207541532
 0.38879021018928051
 0.38878196230150908
 0.38877083367994975
 0.3887614549019251
 0.38873845199945406
 0.38872441705046223
 0.38867832723075391
 0.38865126200858224
 0.38864037325056711
 0.38862712952942607
 0.38862331744785172
 0.38859797717372357
 0.38857352523227862
 0.38855531263277754
 0.38854941199972437
 0.38854103283673824
 0.38852885327863568
 0.38851702120416537
 0.38851655239292709
 0.38851159363650167
 0.38850997701465284
 0.38850785363195506
 0.38850754788724712
 0.38850661249506246
 0.38850637832434143
 0.38850394375936226
 0.3885034235991161
 0.38850129922768928
 0.38850101359238642
 0.38850031275740121
 0.38849989835832438
 0.38849948500851617
 0.3884989710053362
 0.38849761704772212


