# Created by Octave 4.4.1, Sun May 26 21:43:56 2019 GMT <unknown@DESKTOP-B531SUQ>
# name: cost
# type: matrix
# rows: 200
# columns: 1
 0.66909603914095295
 0.66133134538658045
 0.65256291409992762
 0.50533194990877917
 0.48861336485158141
 0.48860893442443082
 0.48622675376033314
 0.47708992331578998
 0.46008953040501793
 0.45682895516955779
 0.45570868129265424
 0.45425020095392948
 0.45367646017397956
 0.45288088596468334
 0.45251122195921867
 0.44879911293428104
 0.44815185019396092
 0.44609240043666165
 0.44591743380188137
 0.44421529973275814
 0.44344198193876039
 0.4418665245054928
 0.44166773921839864
 0.43944613754802181
 0.43897674557300431
 0.43721721659337776
 0.43713676192192275
 0.43637358797865466
 0.43616064290065804
 0.43489036960566529
 0.43481847561385795
 0.43433826707692763
 0.43413105822463433
 0.43334918239079806
 0.4333327396408464
 0.43314127721134388
 0.43270783230821563
 0.43247056827207386
 0.43234406458694274
 0.43227039211215712
 0.43175256031740861
 0.43127348023138773
 0.4308009338299934
 0.430481345744753
 0.42946044483562562
 0.42934838087871507
 0.428331844554457
 0.4281357244733362
 0.42770979466598225
 0.4276943522095798
 0.42723737035076098
 0.42713739349495256
 0.42697438555130535
 0.42694360816268967
 0.4268087332811219
 0.42678258301597188
 0.42669730587763283
 0.4266499944712599
 0.42664997361574186
 0.4266327781229976
 0.42651228136262986
 0.42648894977304236
 0.42624988072540043
 0.42574300238677748
 0.42567647540993264
 0.42524795168164409
 0.42522621003463063
 0.42506344121834483
 0.4250395080952552
 0.42483826924765927
 0.42475241678062242
 0.42464644564876375
 0.42464073103985545
 0.42463033575003883
 0.42460948103423568
 0.4245622822083373
 0.42449957837026941
 0.42444834096268291
 0.42440491483996579
 0.42438648268554191
 0.42421925181745157
 0.42420988696282397
 0.42419511855178821
 0.42414592182041333
 0.42403233900789122
 0.42397678729683053
 0.42396506748831531
 0.42388722950187135
 0.42377163266433993
 0.4236852188003149
 0.42351691399640046
 0.42347930746524004
 0.42321064943945125
 0.42316264834676343
 0.42309677890336778
 0.42309260645721364
 0.42306379947336303
 0.42304559700423211
 0.42297442262533863
 0.4229534308895726
 0.42292373911613745
 0.42291055521411547
 0.42291003071730016
 0.4228985911742501
 0.4228815959576947
 0.42287824765180648
 0.42283613668097203
 0.42283289311991956
 0.42282042208078852
 0.42281961209396157
 0.42280947502418781
 0.42272646390086338
 0.42269584934816889
 0.42259357750399457
 0.42258570892919428
 0.4225732872063992
 0.42256346728116323
 0.42253500172928327
 0.42251530366980505
 0.42247869025559448
 0.42245221194418253
 0.42242672997908548
 0.42242394453649557
 0.4224163622923936
 0.42241406964669287
 0.42240825317971586
 0.42240086206682842
 0.42239251495548225
 0.42237531449491938
 0.42236409899958111
 0.42235561054169324
 0.42234305520051024
 0.42234257261750624
 0.42233847822042503
 0.42233678877165143
 0.42232926132521553
 0.42232711197555128
 0.42232393914516131
 0.42232321385286992
 0.42232089469428552
 0.42232035711588661
 0.4223024483280311
 0.42229799273270918
 0.42227987204774581
 0.4222721094535975
 0.42226158857505358
 0.42225546603261904
 0.42225127484896052
 0.42223613179647362
 0.42221834611984488
 0.42221550440746136
 0.42220481229693863
 0.42217811661480192
 0.42216486545443821
 0.42214779650751438
 0.4221456975365635
 0.42213929188837024
 0.42213752718481262
 0.42213045390446513
 0.42212953961607458
 0.4221229175978185
 0.4221208180995612
 0.42211491992726391
 0.42211453793537479
 0.42210984570121629
 0.42210967361930885
 0.42210958699902451
 0.42210851603691785
 0.42210826526573875
 0.42210767254487491
 0.42210233943968067
 0.42209614964563802
 0.42209075463352641
 0.42208376359399563
 0.42207136484513147
 0.42206651463941253
 0.42205212123677732
 0.42204815280148067
 0.42202119754122713
 0.42201964093710514
 0.42201842755370811
 0.42201325659410982
 0.42201283886990448
 0.42201140488693273
 0.42200988542893841
 0.42200821254404713
 0.42200684412684825
 0.4220057917268189
 0.42200530821578258
 0.42200356967256936
 0.4220033834841444
 0.42200275413196375
 0.42200214411449632
 0.42199782873000458
 0.42195541369910428
 0.42193885936988385
 0.42187810923120816
 0.42186464561806875
 0.42180957143705727
 0.42180527540569096


