# Created by Octave 4.4.1, Sun May 26 19:49:51 2019 GMT <unknown@DESKTOP-B531SUQ>
# name: nn_params
# type: matrix
# rows: 121
# columns: 1
 0.015297178320929476
 0.05101058484863915
 -0.0088908251923782607
 0.074033316224807064
 0.022408369996961879
 -0.11445749062809149
 -0.046464986125327679
 -0.076864172139755771
 -0.062770831011279643
 0.13760903795058943
 0.11981686486728434
 -0.015147162382023729
 0.037433605176259106
 -0.056886003890657691
 0.09791783107492634
 0.18485188398095734
 -0.014317847675459461
 0.059777730263874618
 0.062331283063744122
 -0.0802792331188351
 0.0095956457558225537
 -0.01403709418204477
 -0.0075905162912492706
 0.11142535510622839
 -0.093344253666315186
 0.13110187470096385
 0.081172359776534211
 0.12268075203073496
 0.026750531216803632
 -0.085238434149222719
 -0.072075872127897497
 0.0026789236681457364
 -0.11077373210704773
 0.053798849392041992
 0.058765984297098353
 -0.028875436442806802
 0.0084082362066274473
 -0.096116929110106816
 0.039637958891975619
 -0.022557786243474015
 -0.017263500325753842
 0.011597041087361527
 -0.19517649385713748
 -0.12630252369245515
 -0.12175311118353971
 -0.10535970573720323
 -0.22070453273073742
 0.043578355191766657
 0.086068632037493917
 0.0019186069794955608
 0.13795965280166886
 -0.43862551376212033
 0.67411807974769178
 0.85941767332335051
 0.80260258130128226
 1.1653627350812359
 1.2224983459548016
 0.52250245322584132
 -0.25339929721409465
 -0.22731403651606596
 0.02987120034833466
 0.48048098798369465
 -0.67258872870236763
 -0.98555440362806712
 -0.82736717150730277
 -1.3044707267949012
 -1.2111301780968629
 -0.58405984584532
 0.1812274763083972
 0.28440522439649218
 -0.062429231678216762
 -0.1093298773593738
 0.28164685426978653
 0.31218612906025134
 0.27225255014416827
 0.53634750736998926
 0.38214359164018585
 0.18225698819757685
 -0.025491971409886995
 -0.091611218239648129
 -0.093805692744047361
 0.28815915566202477
 -0.2879510013296252
 -0.56657920184683319
 -0.48836082721633212
 -0.55132893672834649
 -0.50699426776260959
 -0.28042737888099245
 0.12278235742534016
 0.10068887033842445
 0.0087460218443044073
 -0.0077929559423746964
 -0.17630175383190022
 -0.23826782959841569
 -0.11795201562291213
 -0.092473956174974017
 -0.13973275826587661
 -0.11174478054340403
 0.01590011228667166
 0.04720566097556219
 -0.062605803370687052
 -0.22678650669784495
 0.51664034749378718
 0.72594164414769002
 0.5933520105881448
 0.81292259016318891
 0.73497688312090503
 0.43367035669935738
 -0.22542672218817231
 -0.089355496299384982
 0.17074814054335966
 0.65686765589132423
 1.5028304244416504
 0.58586735030889536
 -0.98623169912284969
 -1.1498510879216997
 -1.5673279875847768
 -1.8858975444455386
 0.44915013837631196
 0.13354473961294158
 0.8721983005312135


