# Created by Octave 4.4.1, Sun May 26 21:43:56 2019 GMT <unknown@DESKTOP-B531SUQ>
# name: nn_params
# type: matrix
# rows: 61
# columns: 1
 0.094327713525056658
 -0.015019157687665536
 0.59919597705811278
 1.3085643234267093
 -2.344915628935468
 2.9608005334019714
 2.2921253770118715
 -1.0965685546319257
 0.10849751171196197
 -1.0220533343304758
 3.8567372661299943
 -2.8311420826358056
 0.037140943880015077
 0.054453255752770165
 -0.011127277196176852
 0.097166688438868817
 -0.99775607834960933
 -0.69832917375240644
 1.2322446660611022
 0.709672770510686
 -0.099446069741958201
 -0.1128197742144019
 1.5878016431168027
 0.1990641501503779
 -1.2633656349963815
 -0.65760447196209171
 0.08478099738542913
 -0.056689527384164169
 -1.6393592510148516
 -0.19205748275897602
 1.1514784818035297
 0.72295551251398305
 -0.021828896577690261
 0.19346677035797355
 1.4686750403240196
 -2.0834365965123331
 -1.3607239502970407
 -0.14763144900817612
 -0.011220294490452256
 0.48888261694601098
 0.12719946173373139
 -1.3681410288906104
 -1.4102246538509222
 0.46642001950003648
 -0.026628443247574275
 -0.22894500909792387
 0.2264533882396603
 1.0613823951251455
 2.7398780055781202
 -0.2667354537314961
 0.023423456302464073
 -0.42943804002983221
 -0.40523304014745237
 0.31371533131027096
 5.4229503173252187
 -3.9207814133101007
 1.6189590214204008
 -0.16925231544274719
 0.9816776878698863
 -4.1175643456657491
 -3.1051390485058747


