# Created by Octave 4.4.1, Mon May 27 23:04:41 2019 GMT <unknown@DESKTOP-B531SUQ>
# name: nn_params
# type: matrix
# rows: 43
# columns: 1
 3.2806445923046526
 -4.1808342285996307
 1.3023828882627899
 -4.622877812363213
 13.066217964716424
 0.37070686629371435
 4.505233058122073
 3.395948429270339
 -0.31954391404877991
 7.276185989420358
 2.2856278990341163
 -0.50976601515095066
 -5.0448302722429679
 -5.2465540739795005
 1.5813040925007502
 -3.0351046663585084
 1.5141726489827518
 -0.1665249910296675
 -1.007503835872446
 -8.3079376889922507
 4.3436270538279649
 -0.53150028899371426
 1.471939802612904
 -1.5669170114282518
 3.7918804326300064
 3.8154809630741848
 -1.6254981663951285
 1.4323994348235962
 -2.1840436992411565
 -0.0088847355272056831
 -2.2935120217533438
 1.951600041033557
 0.70185650605799033
 3.3598457881955843
 -1.47706174094945
 0.47566313787176523
 -1.1255934144513637
 6.6986493333005468
 -1.8515632630490815
 10.830933443209151
 -4.5210798134599433
 -5.8284987242501449
 -6.4942281152753312


